200
70
116
99
184
152
42
62
115
24
193
103
37
33
3
42
197
72
29
143
62
59
143
160
179
119
19
43
114
75
59
161
117
158
6
188
36
100
102
163
145
45
51
84
194
140
198
31
18
22
125
176
18
193
94
173
140
126
100
28
74
80
78
63
152
141
147
59
95
110
179
73
198
189
17
119
147
43
103
118
54
171
100
96
193
188
58
153
122
69
58
70
104
170
61
117
28
164
162
193
43
187
123
189
58
22
143
80
77
129
56
28
130
49
38
151
152
19
79
72
33
177
63
184
59
72
163
15
121
136
186
102
135
8
13
110
144
86
132
190
134
63
36
71
13
133
95
128
178
51
140
2
159
97
156
143
199
44
108
130
147
148
108
11
49
154
161
13
10
79
167
88
111
37
181
88
77
26
96
118
88
168
74
88
94
85
171
185
118
162
101
26
130
155
4
103
175
14
46
158
53
